2.147483648000000000e+09
2.880942589000000000e+09
2.481595458000000000e+09
1.316552899000000000e+09
3.876333822000000000e+09
3.316782056000000000e+09
2.478862264000000000e+09
2.174006974000000000e+09
3.658412140000000000e+09
2.726489768000000000e+09
3.348513758000000000e+09
3.357913983000000000e+09
3.795910546000000000e+09
4.178543413000000000e+09
2.338700560000000000e+08
8.795816070000000000e+08
2.670798195000000000e+09
2.882081219000000000e+09
1.894771207000000000e+09
3.247094256000000000e+09
7.905220280000000000e+08
3.022089787000000000e+09
2.379796576000000000e+09
1.796476926000000000e+09
3.065694360000000000e+09
3.972587298000000000e+09
8.245531330000000000e+08
1.605216951000000000e+09
1.487140145000000000e+09
4.223347521000000000e+09
3.907891893000000000e+09
1.469826065000000000e+09
6.594297080000000000e+08
5.131126710000000000e+08
2.388145776000000000e+09
1.265692490000000000e+09
3.073734727000000000e+09
3.127005880000000000e+09
7.353454520000000000e+08
3.216165656000000000e+09
2.324196202000000000e+09
2.861993020000000000e+09
6.514770200000000000e+08
2.013739229000000000e+09
5.501454320000000000e+08
2.066876296000000000e+09
1.836617440000000000e+09
3.925568177000000000e+09
1.249735615000000000e+09
3.677487035000000000e+09
3.986660087000000000e+09
4.268210589000000000e+09
3.343702142000000000e+09
2.141090564000000000e+09
2.460033689000000000e+09
2.992606773000000000e+09
2.859411405000000000e+09
2.262689975000000000e+09
3.093828704000000000e+09
1.288812619000000000e+09
8.370762140000000000e+08
2.692674308000000000e+09
2.477789544000000000e+09
3.109642835000000000e+09
3.068269408000000000e+09
2.627449809000000000e+09
1.758091874000000000e+09
3.382352416000000000e+09
1.945425158000000000e+09
3.539143081000000000e+09
2.817041552000000000e+09
9.703316440000000000e+08
1.326636656000000000e+09
2.670878232000000000e+09
2.243889911000000000e+09
3.469143708000000000e+09
3.356163288000000000e+09
1.226282541000000000e+09
3.138172180000000000e+09
1.345174247000000000e+09
1.223242155000000000e+09
4.222579877000000000e+09
4.151584412000000000e+09
1.425779073000000000e+09
3.313965877000000000e+09
1.156946927000000000e+09
1.832208781000000000e+09
8.071504500000000000e+07
1.661748782000000000e+09
2.934588928000000000e+09
1.951777501000000000e+09
4.265786456000000000e+09
9.064495570000000000e+08
4.861729280000000000e+08
1.071708856000000000e+09
3.231311891000000000e+09
1.054251988000000000e+09
3.297295682000000000e+09
1.352269745000000000e+09
3.364463027000000000e+09
2.045519774000000000e+09
3.037436113000000000e+09
3.067981093000000000e+09
3.228438980000000000e+09
1.901443511000000000e+09
1.011558369000000000e+09
1.591025437000000000e+09
1.243885566000000000e+09
3.431010515000000000e+09
1.145202168000000000e+09
4.109437900000000000e+07
6.411874530000000000e+08
2.423902395000000000e+09
2.118289352000000000e+09
2.450841724000000000e+09
3.522141461000000000e+09
3.609090000000000000e+07
1.581158308000000000e+09
2.317612315000000000e+09
3.380933880000000000e+08
3.101756483000000000e+09
1.580137796000000000e+09
5.297870350000000000e+08
2.264156014000000000e+09
1.829314843000000000e+09
2.049507923000000000e+09
1.245438947000000000e+09
3.917158769000000000e+09
4.092395374000000000e+09
2.389133869000000000e+09
4.257422443000000000e+09
3.423556789000000000e+09
3.917769360000000000e+08
3.680860991000000000e+09
1.686309700000000000e+07
1.020081639000000000e+09
3.574836593000000000e+09
3.604078843000000000e+09
3.499116990000000000e+08
3.813090845000000000e+09
2.848490010000000000e+09
1.933342470000000000e+09
3.280038553000000000e+09
3.146089551000000000e+09
2.261681804000000000e+09
2.217762874000000000e+09
8.611757400000000000e+08
8.577805700000000000e+08
3.699255756000000000e+09
4.095037455000000000e+09
4.046577289000000000e+09
7.509038510000000000e+08
3.397355101000000000e+09
2.987012064000000000e+09
1.078182347000000000e+09
2.787879750000000000e+08
4.009901200000000000e+09
3.245415307000000000e+09
7.986083210000000000e+08
1.098441970000000000e+09
4.235202674000000000e+09
3.653162868000000000e+09
2.543340976000000000e+09
1.646064678000000000e+09
8.586455600000000000e+07
3.813069212000000000e+09
1.945751809000000000e+09
1.788750900000000000e+09
6.441291580000000000e+08
1.702917418000000000e+09
2.844455234000000000e+09
3.665330100000000000e+07
1.441867427000000000e+09
5.675567200000000000e+07
3.336186690000000000e+09
1.470232410000000000e+08
3.690830911000000000e+09
2.872108474000000000e+09
2.184686431000000000e+09
2.558839166000000000e+09
3.066133491000000000e+09
2.454897864000000000e+09
9.866283420000000000e+08
4.260502424000000000e+09
3.379344078000000000e+09
3.589410200000000000e+09
7.677961710000000000e+08
3.318145884000000000e+09
4.224845400000000000e+08
1.058517613000000000e+09
7.066538940000000000e+08
1.866564171000000000e+09
2.662083480000000000e+08
2.233031763000000000e+09
1.510590113000000000e+09
3.451488259000000000e+09
3.867447926000000000e+09
2.426058176000000000e+09
1.524848539000000000e+09
1.949321754000000000e+09
9.966561330000000000e+08
2.452568325000000000e+09
1.926269848000000000e+09
1.618479650000000000e+09
2.634827742000000000e+09
2.281565895000000000e+09
1.317265051000000000e+09
1.745616065000000000e+09
2.162763691000000000e+09
3.900985742000000000e+09
2.851590687000000000e+09
2.065480806000000000e+09
1.349825734000000000e+09
1.848809256000000000e+09
1.026003871000000000e+09
1.463336146000000000e+09
3.130519989000000000e+09
1.991451737000000000e+09
2.907852250000000000e+09
2.704370987000000000e+09
3.161790183000000000e+09
2.825480083000000000e+09
3.762401049000000000e+09
3.091497678000000000e+09
2.500109830000000000e+09
5.024149040000000000e+08
4.861311530000000000e+08
4.196639001000000000e+09
2.092814543000000000e+09
3.200174436000000000e+09
3.401291587000000000e+09
1.070033380000000000e+08
8.560552680000000000e+08
1.051862870000000000e+08
5.867932650000000000e+08
3.514304162000000000e+09
1.717832758000000000e+09
1.670727727000000000e+09
2.717628771000000000e+09
3.353380266000000000e+09
4.152840517000000000e+09
2.756413377000000000e+09
1.228037466000000000e+09
8.215035010000000000e+08
1.483694400000000000e+07
1.835394815000000000e+09
2.145192810000000000e+08
3.684325616000000000e+09
3.202980939000000000e+09
2.865407904000000000e+09
1.236705470000000000e+09
3.331420810000000000e+08
3.822784969000000000e+09
1.612911193000000000e+09
3.394107797000000000e+09
1.383223416000000000e+09
3.986505503000000000e+09
3.912153870000000000e+08
4.067849190000000000e+08
3.814304227000000000e+09
1.135493212000000000e+09
2.793098273000000000e+09
8.731783600000000000e+07
2.613160171000000000e+09
3.913381667000000000e+09
1.415476340000000000e+09
1.271131790000000000e+08
2.310520557000000000e+09
3.706793251000000000e+09
2.996616358000000000e+09
2.956364590000000000e+09
9.336827960000000000e+08
1.260676454000000000e+09
1.429297979000000000e+09
3.096071778000000000e+09
1.532555042000000000e+09
4.154625040000000000e+09
3.441685305000000000e+09
3.065581313000000000e+09
2.256521210000000000e+08
1.146107506000000000e+09
3.183137470000000000e+08
2.157898518000000000e+09
3.340400128000000000e+09
1.283173865000000000e+09
3.911081444000000000e+09
3.552126433000000000e+09
2.046719604000000000e+09
1.230674776000000000e+09
3.254090047000000000e+09
3.138371367000000000e+09
8.485485210000000000e+08
2.657361174000000000e+09
3.192668822000000000e+09
3.930556095000000000e+09
2.255877855000000000e+09
1.536003695000000000e+09
2.132772277000000000e+09
8.959405260000000000e+08
9.813869160000000000e+08
3.419941514000000000e+09
9.706642890000000000e+08
3.167011676000000000e+09
2.890027784000000000e+09
2.528140350000000000e+08
8.387485320000000000e+08
3.642870345000000000e+09
3.947063481000000000e+09
4.192545495000000000e+09
4.866574350000000000e+08
3.560642563000000000e+09
8.452203630000000000e+08
3.239264433000000000e+09
2.987716734000000000e+09
1.861736191000000000e+09
1.989854720000000000e+09
2.396768201000000000e+09
1.968169525000000000e+09
1.064841632000000000e+09
2.078551278000000000e+09
2.060829527000000000e+09
2.791908643000000000e+09
2.136392190000000000e+09
3.633010481000000000e+09
3.163473532000000000e+09
7.392960740000000000e+08
2.322453781000000000e+09
4.087339957000000000e+09
4.161371499000000000e+09
2.401376776000000000e+09
2.589389086000000000e+09
2.078679610000000000e+08
2.584638172000000000e+09
3.741559865000000000e+09
2.884792810000000000e+09
9.641737460000000000e+08
2.456256293000000000e+09
3.131070890000000000e+09
9.523745720000000000e+08
1.683381548000000000e+09
1.601490374000000000e+09
3.267068321000000000e+09
4.157306739000000000e+09
4.545287650000000000e+08
2.766061052000000000e+09
3.491533170000000000e+08
2.274051331000000000e+09
3.684001167000000000e+09
6.754592800000000000e+08
6.034211970000000000e+08
1.454245878000000000e+09
3.905750530000000000e+08
2.678884014000000000e+09
2.498035610000000000e+08
4.215586924000000000e+09
2.802319922000000000e+09
1.241275278000000000e+09
3.283518060000000000e+09
4.082095287000000000e+09
2.459787063000000000e+09
2.450927348000000000e+09
1.223206722000000000e+09
2.255408038000000000e+09
9.807369420000000000e+08
3.059320331000000000e+09
1.323760476000000000e+09
1.152949792000000000e+09
1.223122093000000000e+09
2.320055947000000000e+09
3.229826313000000000e+09
2.334143816000000000e+09
1.687678061000000000e+09
4.146076946000000000e+09
6.515884280000000000e+08
2.531794384000000000e+09
8.197810460000000000e+08
1.164512715000000000e+09
8.468083390000000000e+08
1.337479520000000000e+08
3.536039769000000000e+09
1.912336873000000000e+09
1.563664713000000000e+09
2.766639423000000000e+09
6.093722480000000000e+08
9.874786170000000000e+08
1.654106845000000000e+09
2.782959688000000000e+09
2.270974950000000000e+09
3.637709089000000000e+09
3.826470985000000000e+09
2.265914743000000000e+09
4.075485120000000000e+09
2.608437019000000000e+09
3.709720375000000000e+09
2.578998256000000000e+09
1.777592489000000000e+09
7.946528150000000000e+08
1.083955361000000000e+09
1.619781011000000000e+09
2.496016140000000000e+09
1.769962813000000000e+09
8.834653780000000000e+08
1.252146220000000000e+08
5.006058680000000000e+08
3.045882942000000000e+09
4.213175045000000000e+09
2.007501840000000000e+09
3.442935773000000000e+09
1.767639422000000000e+09
2.971910345000000000e+09
9.849669730000000000e+08
2.302071380000000000e+08
1.529380026000000000e+09
3.733414013000000000e+09
1.211025526000000000e+09
1.457747817000000000e+09
1.313484360000000000e+09
3.574073282000000000e+09
9.674464020000000000e+08
3.768529573000000000e+09
2.243562696000000000e+09
1.792683008000000000e+09
2.076169543000000000e+09
3.955315770000000000e+08
5.560634300000000000e+08
9.868325070000000000e+08
9.352037020000000000e+08
4.250663809000000000e+09
3.849011769000000000e+09
3.729212669000000000e+09
2.754178481000000000e+09
4.101119288000000000e+09
2.783051299000000000e+09
2.824731351000000000e+09
3.564658960000000000e+09
8.190354350000000000e+08
1.950414194000000000e+09
3.755722049000000000e+09
3.962698249000000000e+09
2.883733896000000000e+09
3.600070966000000000e+09
1.970395419000000000e+09
2.388993133000000000e+09
3.491115660000000000e+09
7.575701010000000000e+08
1.980127100000000000e+09
3.233407073000000000e+09
4.183855210000000000e+09
1.129921755000000000e+09
2.083365223000000000e+09
8.479888500000000000e+07
1.177733000000000000e+09
3.244648855000000000e+09
8.524092360000000000e+08
1.674463926000000000e+09
1.860785347000000000e+09
3.286380672000000000e+09
3.528074690000000000e+08
3.592683860000000000e+08
1.281780284000000000e+09
4.245148629000000000e+09
3.419651470000000000e+08
3.542204217000000000e+09
3.302872087000000000e+09
2.082531170000000000e+09
2.244507842000000000e+09
3.058672039000000000e+09
2.657066277000000000e+09
3.392000671000000000e+09
3.850233959000000000e+09
2.298561465000000000e+09
3.192805796000000000e+09
1.412754198000000000e+09
4.253080426000000000e+09
4.045954464000000000e+09
1.824580826000000000e+09
3.902551566000000000e+09
5.372815320000000000e+08
6.712983950000000000e+08
1.631246256000000000e+09
1.891751875000000000e+09
2.960512959000000000e+09
1.425748435000000000e+09
3.910123061000000000e+09
3.599546110000000000e+09
1.798983904000000000e+09
2.807750306000000000e+09
1.475862621000000000e+09
2.576350061000000000e+09
1.290233165000000000e+09
1.242379990000000000e+08
7.303803700000000000e+08
2.400948553000000000e+09
3.228946383000000000e+09
1.692958832000000000e+09
5.161370970000000000e+08
8.818315010000000000e+08
3.233081150000000000e+09
1.090823440000000000e+08
1.954883199000000000e+09
1.003881444000000000e+09
4.460065430000000000e+08
4.239499657000000000e+09
2.251749724000000000e+09
2.705176479000000000e+09
3.719056582000000000e+09
1.396368946000000000e+09
1.310869944000000000e+09
1.028062036000000000e+09
3.823363481000000000e+09
7.128242280000000000e+08
2.046035966000000000e+09
2.744698138000000000e+09
2.558519861000000000e+09
3.168215935000000000e+09
1.537137956000000000e+09
9.418792490000000000e+08
9.421103330000000000e+08
2.887043180000000000e+09
1.233544876000000000e+09
1.334695900000000000e+08
5.949622680000000000e+08
1.297621264000000000e+09
8.779712140000000000e+08
1.573877789000000000e+09
1.684500960000000000e+08
3.906596801000000000e+09
1.185686374000000000e+09
3.899528920000000000e+08
3.482000769000000000e+09
1.567039375000000000e+09
1.980925544000000000e+09
5.176159760000000000e+08
3.482754444000000000e+09
3.063182124000000000e+09
1.235178869000000000e+09
2.367089460000000000e+09
3.796903150000000000e+08
2.451576232000000000e+09
2.410537655000000000e+09
2.178094145000000000e+09
1.219428437000000000e+09
2.124397767000000000e+09
2.120824291000000000e+09
2.356103789000000000e+09
7.558476230000000000e+08
1.718093376000000000e+09
2.442574610000000000e+08
2.421729066000000000e+09
3.819922293000000000e+09
8.081594430000000000e+08
2.098418105000000000e+09
1.886337421000000000e+09
6.819814520000000000e+08
2.541443507000000000e+09
2.600477658000000000e+09
3.508061258000000000e+09
1.678872747000000000e+09
1.869882604000000000e+09
3.330719180000000000e+09
1.799803200000000000e+07
3.469980249000000000e+09
2.481638530000000000e+09
2.297640713000000000e+09
4.236311474000000000e+09
2.905426359000000000e+09
4.294174667000000000e+09
2.436212063000000000e+09
1.665037980000000000e+09
9.648865040000000000e+08
3.924393441000000000e+09
2.836645257000000000e+09
3.405527022000000000e+09
3.940794777000000000e+09
2.827371102000000000e+09
3.042207326000000000e+09
5.573869390000000000e+08
2.474841289000000000e+09
2.300482486000000000e+09
3.720390620000000000e+08
2.960170626000000000e+09
1.189090746000000000e+09
3.787688635000000000e+09
2.598289140000000000e+09
3.646144561000000000e+09
6.772862600000000000e+08
2.547572880000000000e+09
3.719513577000000000e+09
8.614173540000000000e+08
2.067404900000000000e+07
2.561470132000000000e+09
1.054710807000000000e+09
2.194047876000000000e+09
1.339517149000000000e+09
1.383328667000000000e+09
1.919682326000000000e+09
3.408768415000000000e+09
1.421345698000000000e+09
1.768504820000000000e+08
1.335221887000000000e+09
3.591076649000000000e+09
2.117877462000000000e+09
8.815027220000000000e+08
3.201047180000000000e+08
4.421608400000000000e+08
1.425783041000000000e+09
2.863368179000000000e+09
2.800125548000000000e+09
1.366121583000000000e+09
3.123454280000000000e+08
1.715597673000000000e+09
2.916044021000000000e+09
3.275531598000000000e+09
3.419393557000000000e+09
3.948701860000000000e+09
2.419874198000000000e+09
2.244891948000000000e+09
2.308676145000000000e+09
2.586096620000000000e+09
2.513569800000000000e+09
3.898376780000000000e+08
1.035576323000000000e+09
2.809713120000000000e+09
5.591165690000000000e+08
